count 1828
min_ave_discordance 0.2714320040031905
dif_choice_by_chance 992.2500000000003
[[0 2 1 2 1 1 2 2 0 1 0 1 2 0 1]]
[[0 0 0 0 0 0 0 0 1 1 1 0 1 0 0]]
[[3 1 2 1 2 1 0 2 0 0 3 0 0 1 0]]

[0 0 0 0 0 0 0 0 0 0 0 0 0 0 0]
[[1.00000000e+00 0.00000000e+00 0.00000000e+00 0.00000000e+00
  0.00000000e+00 0.00000000e+00 0.00000000e+00 0.00000000e+00
  0.00000000e+00 0.00000000e+00 0.00000000e+00 0.00000000e+00]
 [1.02291159e-01 1.00000012e+00 0.00000000e+00 0.00000000e+00
  0.00000000e+00 0.00000000e+00 0.00000000e+00 0.00000000e+00
  0.00000000e+00 0.00000000e+00 0.00000000e+00 0.00000000e+00]
 [4.67943884e-02 1.28789758e-02 1.00000012e+00 0.00000000e+00
  0.00000000e+00 0.00000000e+00 0.00000000e+00 0.00000000e+00
  0.00000000e+00 0.00000000e+00 0.00000000e+00 0.00000000e+00]
 [2.76453374e-01 2.88131932e-01 2.52747908e-01 1.00000000e+00
  0.00000000e+00 0.00000000e+00 0.00000000e+00 0.00000000e+00
  0.00000000e+00 0.00000000e+00 0.00000000e+00 0.00000000e+00]
 [2.76453374e-01 2.88131932e-01 2.52747908e-01 1.00000000e+00
  1.00000000e+00 0.00000000e+00 0.00000000e+00 0.00000000e+00
  0.00000000e+00 0.00000000e+00 0.00000000e+00 0.00000000e+00]
 [9.97492969e-01 4.92148437e-02 1.58916271e-04 2.50000030e-01
  2.50000030e-01 1.00000000e+00 0.00000000e+00 0.00000000e+00
  0.00000000e+00 0.00000000e+00 0.00000000e+00 0.00000000e+00]
 [8.01748876e-03 1.07551262e-01 3.20006791e-03 3.38350791e-01
  3.38350791e-01 1.97491795e-03 1.00000000e+00 0.00000000e+00
  0.00000000e+00 0.00000000e+00 0.00000000e+00 0.00000000e+00]
 [4.36524674e-02 3.07852209e-01 9.18065161e-02 4.37875595e-01
  4.37875595e-01 2.23966241e-02 1.71796873e-01 9.99999940e-01
  0.00000000e+00 0.00000000e+00 0.00000000e+00 0.00000000e+00]
 [7.93947726e-02 3.60053122e-01 1.48479994e-02 4.68414354e-01
  4.68414354e-01 5.48223145e-02 1.46933451e-01 2.61847258e-01
  1.00000000e+00 0.00000000e+00 0.00000000e+00 0.00000000e+00]
 [5.17610371e-01 4.69053350e-02 7.78558431e-03 3.87641483e-01
  3.87641483e-01 5.17300189e-01 1.79740861e-01 3.18434000e-01
  3.17719638e-01 9.99999940e-01 0.00000000e+00 0.00000000e+00]
 [1.43682146e-02 6.48765778e-03 1.16399629e-02 3.22933590e-01
  3.22933590e-01 1.34656671e-02 3.78074586e-01 2.88318217e-01
  3.32715929e-01 8.45681727e-01 9.99999940e-01 0.00000000e+00]
 [7.89187551e-02 5.50146878e-01 8.70937407e-02 5.18792763e-01
  5.18792763e-01 4.16085422e-02 1.66348323e-01 4.10286009e-01
  9.50182498e-01 4.20823902e-01 4.45193440e-01 1.00000012e+00]]

(py3_tf17) C:\Users\darky\Downloads\_CS 234\ZSY2>